%YAML:1.0
---
depth_detector: !!opencv-object-detector-hog
   winSize: [ 64, 64 ]
   blockSize: [ 16, 16 ]
   blockStride: [ 8, 8 ]
   cellSize: [ 8, 8 ]
   nbins: 9
   derivAperture: 1
   winSigma: 4.
   histogramNormType: 0
   L2HysThreshold: 2.0000000000000001e-01
   gammaCorrection: 1
   nlevels: 64
   signedGradient: 0
   SVMDetector: [ -2.86889747e-02, 1.87461404e-03, 4.01286082e-03,
       -1.48590775e-02, -4.25368994e-02, -1.97325032e-02,
       -2.10497379e-02, -2.75885910e-02, -3.68715003e-02,
       -2.33637616e-02, -1.26840891e-02, 8.67703930e-04, -1.06043331e-02,
       -4.49848995e-02, -2.47354768e-02, -2.35042069e-02,
       -1.67622231e-02, -1.87582839e-02, -1.17526362e-02, 1.85311288e-02,
       3.40735577e-02, -3.28354817e-03, -1.27029298e-02, -1.13522364e-02,
       -1.75581779e-02, -1.48917949e-02, -1.93109233e-02,
       -9.75286646e-04, 2.90012006e-02, 4.08333912e-02, 9.37196892e-03,
       2.45269202e-03, -1.11809280e-02, -1.75732225e-02, -2.92273681e-03,
       -1.91963813e-03, -1.72293168e-02, -2.23238692e-02,
       -1.58913359e-02, -1.55777493e-02, -4.17427532e-02,
       -1.96198151e-02, -1.85606051e-02, -3.44561902e-03, 1.95944007e-03,
       -1.37540919e-03, -1.16396444e-02, -1.65465698e-02,
       -2.31504850e-02, -4.88976948e-02, -2.02694610e-02,
       -1.51471198e-02, -1.88865315e-03, 4.40402376e-03, -9.14467592e-03,
       4.84611170e-04, 1.44998245e-02, -6.37585251e-03, -2.33636871e-02,
       -1.38543257e-02, -2.28681862e-02, -8.45814403e-03, 4.13221933e-05,
       4.88551147e-03, 8.33281409e-03, 1.53314369e-02, 6.21803477e-03,
       1.33463647e-02, -1.03394082e-02, -1.58180539e-02, -9.65995993e-03,
       6.75261160e-03, -9.54050384e-03, -1.98291522e-02, -2.24396233e-02,
       -2.35731266e-02, -4.34294529e-02, -1.87062994e-02,
       -1.02802943e-02, 7.35101476e-03, 2.43156357e-03, -2.71364651e-03,
       -1.62061471e-02, 3.56488628e-03, -1.47825936e-02, -3.92293036e-02,
       -1.76609922e-02, -6.46188529e-03, 1.70780197e-02, 1.07387314e-02,
       1.11160558e-02, 4.28568246e-03, -1.09725967e-02, -5.06675476e-03,
       -2.37163398e-02, -1.67901572e-02, -1.64992232e-02, 1.85954641e-03,
       1.31065669e-02, 2.17114259e-02, 2.23198570e-02, 2.27661449e-02,
       2.80638337e-02, -1.41057267e-03, -1.80476736e-02, -9.83759947e-03,
       1.47050088e-02, 1.90235786e-02, -2.22567352e-03, -1.35594839e-02,
       -8.22690967e-03, -1.80719476e-02, -3.55966464e-02,
       -1.65713392e-02, -3.05070612e-03, 9.60385427e-03, 7.21291825e-03,
       1.30922915e-02, 8.45677592e-03, -2.79845408e-04, -2.53520980e-02,
       -4.14538644e-02, -1.56249851e-02, -6.31841272e-03,
       -1.74973707e-03, 8.07450805e-03, 8.51388928e-03, -2.86054070e-04,
       1.39093474e-02, 3.68948444e-03, -2.90721506e-02, -1.29380301e-02,
       -4.28752508e-03, 1.76808871e-02, 1.96870249e-02, 5.53111061e-02,
       1.47285340e-02, 2.51646880e-02, -5.36336750e-03, -2.79379580e-02,
       -8.41086917e-03, 1.25132650e-02, 2.30175555e-02, 4.52104025e-02,
       1.18568772e-02, -7.95186125e-03, -1.09096533e-02, -2.56148111e-02,
       -4.06529903e-02, -1.17770825e-02, 1.14453193e-02, 9.17702913e-03,
       1.51828518e-02, 1.04041472e-02, -2.24268865e-02, -2.91608553e-02,
       -3.51959318e-02, -5.59145957e-02, -3.02481540e-02,
       -2.08067913e-02, -7.46920612e-03, 1.44660110e-02, 3.03939302e-02,
       5.22285374e-03, 6.56034844e-03, -1.69670600e-02, -1.09654283e-02,
       1.27477990e-02, 6.58383369e-02, 5.58833703e-02, 5.25089838e-02,
       1.72091387e-02, 9.37139848e-04, -1.67512968e-02, -3.12430244e-02,
       -3.91917527e-02, -1.70513112e-02, 1.46230068e-02, 2.58510765e-02,
       3.18840444e-02, 1.58558991e-02, -2.52159741e-02, -3.58756520e-02,
       -3.50546204e-02, -5.34035601e-02, -3.14154178e-02,
       -1.80580989e-02, -6.42041035e-04, 2.11108644e-02, -7.85084092e-04,
       -3.65916677e-02, -4.12461348e-02, -3.61740105e-02,
       -5.44298850e-02, -3.33754458e-02, -1.38592813e-02,
       -2.61752144e-03, 1.56250708e-02, 2.27494147e-02, -7.60494964e-03,
       -1.96663607e-02, -2.79114246e-02, 6.27265917e-03, 3.15018813e-03,
       5.79941757e-02, 5.89937195e-02, 4.42718565e-02, 1.02303736e-02,
       -7.14457966e-03, -2.26525050e-02, -3.33811305e-02,
       -4.55960222e-02, -2.63325684e-02, 7.04531383e-04, 1.40697919e-02,
       1.14364764e-02, -3.37289949e-03, -4.49760221e-02, -4.08288166e-02,
       -3.61059867e-02, -5.12600653e-02, -3.07110120e-02,
       -9.06229892e-04, 3.74929118e-03, 1.67307854e-02, -3.29686403e-02,
       -6.10174984e-02, -5.93819395e-02, -3.75138968e-02,
       -5.58308400e-02, -3.45380865e-02, -1.79792754e-02,
       -2.82309507e-03, -1.20426007e-02, 2.39440985e-02, -1.67508684e-02,
       -2.82497108e-02, -3.17979753e-02, -2.55799312e-02, 5.14008710e-03,
       4.72636707e-02, 2.68080197e-02, 1.71048660e-02, 6.93851011e-03,
       -4.29053381e-02, -5.54902628e-02, -3.85272317e-02,
       -3.50828916e-02, -1.61318071e-02, 2.30642352e-02, 2.94583198e-02,
       2.85684392e-02, -1.43808676e-02, 2.34470554e-02, 4.10811119e-02,
       5.66339772e-03, -1.34369414e-02, -1.59756653e-02, -3.35113816e-02,
       -2.85573564e-02, -2.22601779e-02, -5.40303625e-03, 8.03150237e-03,
       3.23662385e-02, 1.21402554e-02, -1.69058833e-02, -2.23026201e-02,
       -5.02686873e-02, -2.65138149e-02, -1.15600750e-02,
       -8.50510783e-04, 2.39452738e-02, 4.27904762e-02, 1.15934480e-02,
       -1.07539734e-02, -1.54425604e-02, -3.31276245e-02,
       -3.09623834e-02, -2.29577702e-02, 3.28162052e-02, 3.24180759e-02,
       5.76624200e-02, 3.00120469e-02, 2.09802501e-02, -1.72050446e-02,
       -3.79546173e-02, -2.38573346e-02, 1.20398914e-02, -1.48245553e-02,
       -3.40553676e-03, 1.94874760e-02, 6.24169828e-03, -1.98711567e-02,
       -1.67860445e-02, -4.32871021e-02, -1.64551791e-02,
       -9.08604171e-03, -1.68517288e-02, -3.67682311e-03, 1.56636275e-02,
       1.22456998e-02, -7.71082612e-03, -1.44794574e-02, -3.81653756e-02,
       -1.27789080e-02, -2.19146721e-02, 1.23487907e-02, 1.40512101e-02,
       2.69178580e-02, 2.38483232e-02, -1.00772148e-02, -2.02353597e-02,
       -3.65387313e-02, -6.10226067e-03, 2.10248344e-02, 9.74158291e-03,
       1.73978731e-02, 5.39188273e-02, 5.61192110e-02, 1.74581613e-02,
       -1.72112193e-02, -2.80130804e-02, 3.67898820e-03, 1.60562843e-02,
       -2.08438025e-03, 1.71815488e-03, 6.38165465e-03, 1.36841862e-02,
       -1.12542240e-02, -1.48847569e-02, -2.51086317e-02,
       -1.04825022e-02, -1.82504542e-02, 4.44483431e-03, 1.06603513e-02,
       1.85007062e-02, 2.13084612e-02, -1.50734344e-02, -1.40556740e-02,
       -1.23852370e-02, -1.50522892e-03, -1.67508516e-03, 1.32123090e-03,
       3.53144412e-03, 3.06933131e-02, 3.15815359e-02, 6.58485631e-04,
       -1.14281857e-02, -2.08959095e-02, -9.46588442e-03,
       -1.25594335e-02, 4.86580003e-03, 3.59856412e-02, 5.47347851e-02,
       4.19660062e-02, 2.38499343e-02, 4.89585614e-03, -1.29034417e-02,
       -1.38520906e-02, -1.77402934e-03, 6.31480291e-03, -1.51575741e-03,
       1.21369958e-02, 9.13168769e-03, -1.71660762e-02, -9.95481107e-03,
       -1.01827858e-02, 3.02558253e-03, 1.28494473e-02, 9.18161310e-03,
       -6.55123964e-03, 1.82863642e-02, -5.87809482e-04, -1.47280041e-02,
       -2.49848911e-03, 7.46201444e-03, 1.26690576e-02, 1.21530732e-02,
       -4.09600977e-03, 1.26739945e-02, 4.31587622e-02, 2.36322582e-02,
       7.35265622e-03, 3.11024953e-03, -1.14208823e-02, -9.11918934e-03,
       -6.10299362e-03, 1.04613956e-02, 1.66710038e-02, 3.84271331e-02,
       2.36138478e-02, 1.54553205e-02, 7.11495383e-03, 3.05089587e-03,
       1.25373518e-02, 1.51609629e-02, -8.05577636e-03, -5.70716336e-03,
       7.42014078e-03, -1.02832941e-02, -1.77448671e-02, 1.71966001e-03,
       2.66683828e-02, 2.50436869e-02, 2.83958681e-04, -9.38429963e-03,
       -5.35995408e-04, -5.80214569e-03, -1.95661895e-02,
       -3.71742547e-02, -1.22305062e-02, -5.04533411e-04, 1.39961746e-02,
